Depth = 1 -> Win
    - 3, 5, 3, 3, 2, 0, 4
    - 3, 3, 3, 3, 4, 2, 4, 1, 4, 0, 0, 0, 0

Depth = 2 -> Win
    - 3, 3, 3, 3, 4, 2, 4, 0, 0, 0, 6, 5

Depth = 3 -> Win 
    - 3, 3, 3, 4, 2, 5, 6
    - 3, 4, 3, 2, 3, 1, 4, 5, 1, 5, 4, 4, 6, 6
                                        

Depth = 4 -> Win
    - 3, 3, 3, 4, 2, 5, 6, 4, 4, 5, 6

Depth = 5 -> Win
    - 3, 5, 2, 2, 2, 4, 1, 3, 0, 0, 5, 6, 2, 0, 6, 6, 6, 4

Depth = 8 -> Win
    - 3, 0, 3, 0, 3, 2, 4, 2, 3, 4, 5, 2, 0, 0, 0, 5, 1

Depth = 8 -> Draw
    - 3, 4, 3, 5, 6, 4, 6, 2, 1, 3, 0, 2, 1, 2, 4, 1, 6, 5, 6, 0, 0

